location subarea
1 1
2 2
3 3
4 4
5 4
6 4
7 5
8 5
9 6
10 6
11 6
12 7
13 7
14 8
15 9
16 10
17 10
18 11
19 12
20 13
21 14
22 15
23 16
24 17
25 18
26 19
27 20
28 21
29 21
30 22
31 23
32 23
33 23
34 24
35 25
36 26
37 27
38 28
39 29
40 30
41 31
42 31
43 32
44 33
45 34
46 35
47 36
48 37
49 38
50 39
51 40
52 40
53 41
54 41
55 42
56 43
57 43
58 43
59 44
60 45
61 46
62 47
63 48
64 49
65 49
66 50
67 51
68 52
69 53
70 54
71 55
72 56
73 57
74 58
75 58
76 59
77 60
78 61
79 62
80 63
81 63
82 64
83 65
84 66
85 67
86 67
87 67
88 68
89 69
90 70
91 71
92 72
93 73
94 74
95 75
96 76
97 76
98 76
99 77
100 78
101 79
102 80
103 81
104 82
105 83
106 84
107 85
108 86
109 87
110 88
111 89
112 90
113 91
114 92
115 93
116 94
117 95
118 96
119 96
120 96
121 97
122 97
123 98
124 99
125 100
126 101
127 101
128 102
129 103
130 104
131 105
132 106
133 107
134 108
135 109
136 110
137 110
138 111
139 112
140 113
141 114
142 115
143 116
144 117
145 118
146 119
147 120
148 120
149 121
150 121
151 122
152 123
153 124
154 125
155 125
156 126
157 127
158 128
159 129
160 130
161 131
162 132
163 133
164 134
165 134
166 135
167 136
168 137
169 138
170 139
171 139
172 139
173 140
174 140
175 141
176 141
177 141
178 141
179 142
180 143
181 144
182 145
183 146
184 147
185 147
186 148
187 149
188 150
189 151
190 152
191 152
192 152
193 153
194 153
195 154
196 155
197 156
198 157
199 158
200 159
201 160
202 161
203 162
204 163
205 164
206 165
207 166
208 167
209 168
210 169
211 170
212 171
213 172
214 172
215 172
216 173
217 173
218 173
219 174
220 175
221 175
222 176
223 176
224 177
225 178
226 178
227 179
228 180
229 180
230 180
231 181
232 182
233 183
234 183
235 183
236 183
237 183
238 184
239 184
240 184
241 185
242 186
243 186
244 186
245 186
246 187
247 188
248 188
249 189
250 190
251 191
252 192
253 193
254 194
255 195
256 195
257 196
258 197
259 197
260 198
261 199
262 200
263 201
264 202
265 203
266 204
267 205
268 205
269 205
270 205
271 205
272 206
273 207
274 207
275 207
276 208
277 209
278 210
279 211
280 212
281 213
282 213
283 213
284 214
285 214
286 214
287 215
288 216
289 217
290 218
291 219
292 220
293 220
294 221
295 222
296 222
297 223
298 223
299 224
300 225
301 226
302 227
303 228
304 228
305 229
306 229
307 229
308 229
309 229
310 230
311 231
312 231
313 232
314 233
315 234
316 234
317 234
318 235
319 235
320 236
321 237
322 238
323 239
324 239
325 240
326 241
327 242
328 242
329 243
330 244
331 245
332 245
333 246
334 246
335 247
336 248
337 249
338 250
339 250
340 251
341 252
342 253
343 254
344 255
345 256
346 257
347 257
348 258
349 258
350 258
351 259
352 260
353 260
354 261
355 261
356 262
357 263
358 264
359 265
360 266
361 266
362 266
363 266
364 266
365 266
366 266
367 266
368 267
369 267
370 267
371 267
372 267
373 267
374 267
375 267
376 267
377 268
378 268
379 269
380 270
381 271
382 271
383 271
384 271
385 271
386 271
387 271
388 271
389 271
390 271
391 271
392 271
393 271
394 271
395 271
396 271
397 271
398 271
399 271
400 271
401 271
402 271
403 271
404 271
405 271
406 271
407 271
408 271
409 272
410 273
411 273
412 274
413 275
414 276
415 277
416 278
417 279
418 280
419 281
420 282
421 283
422 284
423 285
424 286
425 287
426 287
427 287
428 288
429 289
430 289
431 289
432 289
433 289
434 290
435 291
436 291
437 292
438 293
439 294
440 295
441 296
442 297
443 298
444 299
445 300
446 300
447 301
448 301
449 301
450 302
451 302
452 303
453 304
454 304
455 304
456 305
457 306
458 307
459 307
460 308
461 308
462 308
463 309
464 310
465 311
466 312
467 312
468 313
469 313
470 314
471 315
472 316
473 317
474 318
475 319
476 320
477 321
478 321
479 322
480 322
481 323
482 323
483 324
484 324
485 325
486 326
487 326
488 326
489 41
490 327
491 327
492 328
493 329
494 329
495 329
496 330
497 331
498 332
499 333
500 334
501 1
502 335
503 336
504 337
505 338
506 338
507 338
508 338
509 339
510 339
511 340
512 341
513 342
514 342
515 343
516 344
517 344
518 344
519 345
520 345
521 345
522 346
523 347
524 348
525 349
526 350
527 350
528 351
529 352
530 352
531 352
532 352
533 353
534 353
535 353
536 353
537 353
538 354
539 355
540 356
541 356
542 357
543 357
544 358
545 359
546 360
547 361
548 362
549 362
550 363
551 364
552 364
553 365
554 366
555 367
556 368
557 369
558 369
559 369
560 370
561 370
562 370
563 371
564 372
565 373
566 374
567 375
568 376
569 377
570 378
571 379
572 379
573 379
574 380
575 380
576 381
577 381
578 382
579 383
580 384
581 385
582 386
583 387
584 387
585 388
586 389
587 390
588 391
589 392
590 392
591 393
592 394
593 395
594 396
595 396
596 397
597 398
598 399
599 400
600 401
601 402
602 403
603 404
604 405
605 405
606 406
607 407
608 408
609 408
610 409
611 409
612 410
613 411
614 412
615 412
616 412
617 412
618 412
619 413
620 414
621 415
622 416
623 417
624 418
625 419
626 420
627 421
628 422
629 423
630 423
631 424
632 425
633 426
634 427
635 428
636 429
637 430
638 431
639 432
640 433
641 434
642 430
643 435
644 436
645 437
646 438
647 439
648 440
649 441
650 442
651 443
652 443
653 443
654 444
655 445
656 446
657 446
658 447
659 448
660 449
661 450
662 451
663 451
664 452
665 452
666 452
667 453
668 454
669 455
670 456
671 456
672 457
673 458
674 459
675 460
676 461
677 462
678 462
679 463
680 464
681 464
682 464
683 464
684 465
685 465
686 466
687 467
688 468
689 469
690 470
691 471
692 472
693 473
694 474
695 475
696 475
697 476
698 476
699 477
700 478
701 479
702 480
703 481
704 481
705 482
706 483
707 484
708 485
709 485
710 486
711 486
712 487
713 488
714 488
715 489
716 490
717 490
718 491
719 492
720 493
721 494
722 495
723 496
724 497
725 498
726 498
727 499
728 499
729 500
730 501
731 501
732 501
733 502
734 503
735 503
736 504
737 505
738 505
739 506
740 507
741 508
742 509
743 510
744 511
745 512
746 513
747 513
748 513
749 513
750 513
751 514
752 515
753 515
754 515
755 516
756 517
757 518
758 519
759 520
760 521
761 522
762 523
763 524
764 525
765 526
766 527
767 528
768 529
769 530
770 531
771 532
772 533
773 534
774 535
775 535
776 535
777 536
778 536
779 536
780 537
781 538
782 538
783 539
784 539
785 540
786 540
787 540
788 540
789 541
790 541
791 542
792 542
793 542
794 542
795 543
796 543
797 543
798 543
799 543
800 544
801 545
802 545
803 545
804 545
805 546
806 547
807 548
808 549
809 550
810 550
811 551
812 552
813 553
814 553
815 554
816 554
817 555
818 556
819 556
820 557
821 558
822 559
823 559
824 559
825 560
826 561
827 562
828 563
829 564
830 564
831 565
832 566
833 567
834 568
835 569
836 569
837 569
838 570
839 571
840 571
841 572
842 572
843 573
844 574
845 575
846 576
847 576
848 576
849 577
850 577
851 577
852 577
853 578
854 579
855 579
856 580
857 581
858 581
859 582
860 582
861 582
862 583
863 583
864 584
865 585
866 586
867 587
868 588
869 589
870 590
871 591
872 592
873 593
874 593
875 593
876 593
877 594
878 595
879 596
880 596
881 596
882 597
883 598
884 599
885 600
886 601
887 602
888 602
889 602
890 603
891 604
892 605
893 606
894 606
895 607
896 607
897 608
898 609
899 610
900 611
901 612
902 612
903 613
904 613
905 614
906 614
907 614
908 615
909 616
910 617
911 618
912 619
913 620
914 621
915 622
916 623
917 624
918 625
919 626
920 626
921 627
922 628
923 629
924 630
925 631
926 632
927 632
928 632
929 633
930 633
931 633
932 633
933 633
934 634
935 634
936 635
937 635
938 635
939 635
940 635
941 635
942 635
943 635
944 636
945 636
946 636
947 636
948 636
949 636
950 636
951 636
952 636
953 637
954 637
955 638
956 638
957 639
958 640
959 640
960 641
961 641
962 641
963 642
964 643
965 644
966 644
967 645
968 646
969 647
970 648
971 649
972 649
973 649
974 649
975 650
976 651
977 651
978 651
979 652
980 653
981 654
982 654
983 655
984 656
985 656
986 657
987 658
988 659
989 659
990 659
991 660
992 661
993 662
994 662
995 662
996 663
997 663
998 663
999 663
1000 663
1001 663
1002 664
1003 665
1004 666
1005 667
1006 668
1007 669
1008 670
1009 670
1010 671
1011 672
1012 673
1013 674
1014 675
1015 676
1016 677
1017 678
1018 679
1019 680
1020 681
1021 682
1022 683
1023 684
1024 684
1025 684
1026 685
1027 686
1028 687
1029 688
1030 689
1031 690
1032 691
1033 692
1034 693
1035 694
1036 695
1037 696
1038 696
1039 697
1040 698
1041 699
1042 700
1043 701
1044 701
1045 701
1046 701
1047 702
1048 703
1049 703
1050 703
1051 704
1052 705
1053 706
1054 707
1055 708
1056 709
1057 710
1058 711
1059 711
1060 712
1061 713
1062 714
1063 714
1064 715
1065 716
1066 717
1067 718
1068 719
1069 719
1070 720
1071 721
1072 722
1073 722
1074 723
1075 723
1076 724
1077 725
1078 725
1079 726
1080 726
1081 727
1082 728
1083 728
1084 723
1085 729
1086 730
1087 730
1088 731
1089 732
1090 733
1091 733
1092 734
1093 734
1094 735
1095 736
1096 737
1097 738
1098 739
1099 740
1100 740
1101 741
1102 742
1103 743
1104 744
1105 745
1106 746
1107 747
1108 748
1109 749
1110 750
1111 751
1112 752
1113 753
1114 754
1115 755
1116 756
1117 757
1118 757
1119 758
1120 758
1121 759
1122 759
1123 760
1124 760
1125 761
1126 762
1127 763
1128 764
1129 764
1130 764
1131 765
1132 766
1133 766
1134 766
1135 766
1136 766
1137 767
1138 767
1139 767
1140 768
1141 769
1142 769
1143 769
1144 770
1145 771
1146 771
1147 772
1148 773
1149 773
1150 773
1151 773
1152 774
1153 775
1154 776
1155 776
1156 777
1157 778
1158 779
1159 779
1160 779
1161 779
1162 780
1163 780
1164 780
1165 781
1166 782
1167 782
1168 783
1169 783
1170 784
1171 785
1172 786
1173 787
1174 787
1175 788
1176 789
1177 789
1178 789
1179 789
1180 790
1181 791
1182 792
1183 793
1184 794
1185 795
1186 796
1187 796
1188 796
1189 797
1190 798
1191 799
1192 799
1193 800
1194 800
1195 801
1196 802
1197 803
1198 804
1199 805
1200 806
1201 807
1202 808
1203 809
1204 810
1205 810
1206 811
1207 811
1208 812
1209 813
1210 814
1211 815
1212 815
1213 815
1214 815
1215 815
1216 815
1217 816
1218 817
1219 818
1220 819
1221 819
1222 820
1223 821
1224 822
1225 822
1226 823
1227 823
1228 824
1229 825
1230 825
1231 826
1232 826
1233 827
1234 827
1235 828
1236 829
1237 830
1238 831
1239 831
1240 831
1241 831
1242 831
1243 832
1244 833
1245 833
1246 834
1247 834
1248 835
1249 17
1250 836
1251 837
1252 838
1253 838
1254 838
1255 838
1256 839
1257 839
1258 839
1259 839
1260 840
1261 840
1262 841
1263 841
1264 842
1265 843
1266 844
1267 845
1268 845
1269 845
1270 845
1271 846
1272 847
1273 848
1274 782
1275 849
1276 849
1277 849
1278 850
1279 851
1280 851
1281 852
1282 853
1283 854
1284 855
1285 856
1286 857
1287 858
1288 859
1289 860
1290 861
1291 862
1292 863
1293 864
1294 865
1295 866
1296 867
1297 868
1298 869
1299 870
1300 871
1301 872
1302 872
1303 872
1304 872
1305 873
1306 874
1307 875
1308 876
1309 876
1310 877
1311 878
1312 879
1313 880
1314 881
1315 882
1316 883
1317 884
1318 885
1319 885
1320 886
1321 887
1322 888
1323 889
1324 890
1325 891
1326 892
1327 893
1328 894
1329 895
1330 896
1331 897
1332 898
1333 899
1334 900
1335 900
1336 901
1337 902
1338 903
1339 904
1340 905
1341 906
1342 906
1343 907
1344 908
1345 909
1346 910
1347 911
1348 912
1349 913
1350 913
1351 914
1352 914
1353 915
1354 916
1355 916
1356 917
1357 918
1358 919
1359 920
1360 921
1361 922
1362 923
1363 924
1364 925
1365 926
1366 927
1367 927
1368 928
1369 928
1370 929
1371 929
1372 930
1373 931
1374 932
1375 932
1376 932
1377 932
1378 933
1379 934
1380 935
1381 936
1382 937
1383 938
1384 939
1385 936
1386 937
1387 940
1388 941
1389 942
1390 943
1391 944
1392 945
1393 946
1394 947
1395 948
1396 949
1397 949
1398 266
1399 950
1400 951
1401 952
1402 953
1403 953
1404 954
1405 954
1406 954
1407 954
1408 955
1409 956
1410 957
1411 957
1412 958
1413 350
1414 959
