location subarea
1 1
2 1
3 1
4 1
5 1
6 1
7 1
8 1
9 1
10 1
11 1
12 1
13 1
14 1
15 1
16 1
17 1
18 2
19 2
20 2
21 2
22 2
23 2
24 3
25 3
26 3
27 3
28 3
29 3
30 3
31 3
32 3
33 3
34 3
35 3
36 3
37 3
38 3
39 3
40 3
41 3
42 3
43 3
44 3
45 3
46 3
47 3
48 3
49 3
50 3
51 4
52 4
53 4
54 4
55 4
56 4
57 4
58 4
59 4
60 4
61 4
62 4
63 4
64 4
65 4
66 4
67 4
68 4
69 4
70 4
71 4
72 5
73 5
74 5
75 5
76 5
77 5
78 5
79 5
80 5
81 5
82 5
83 5
84 5
85 5
86 5
87 5
88 5
89 5
90 5
91 5
92 5
93 5
94 5
95 5
96 5
97 5
98 5
99 5
100 5
101 6
102 6
103 6
104 6
105 6
106 6
107 6
108 6
109 6
110 6
111 6
112 6
113 6
114 6
115 6
116 6
117 7
118 7
119 7
120 7
121 7
122 7
123 7
124 7
125 7
126 7
127 7
128 7
129 7
130 7
131 7
132 7
133 7
134 7
135 7
136 7
137 7
138 7
139 7
140 7
141 7
142 7
143 7
144 7
145 7
146 7
147 7
148 7
149 7
150 7
151 7
152 7
153 8
154 8
155 8
156 8
157 8
158 8
159 8
160 8
161 8
162 8
163 8
164 8
165 8
166 8
167 8
168 8
169 8
170 8
171 8
172 8
173 8
174 8
175 8
176 8
177 8
178 8
179 8
180 8
181 8
182 8
183 8
184 8
185 8
186 8
187 8
188 8
189 8
190 8
191 8
192 8
193 8
194 8
195 8
196 8
197 8
198 8
199 8
200 8
201 8
202 8
203 8
204 8
205 8
206 8
207 8
208 8
209 8
210 8
211 8
212 8
213 8
214 8
215 8
216 9
217 9
218 9
219 9
220 9
221 9
222 9
223 9
224 9
225 9
226 9
227 9
228 9
229 9
230 9
231 9
232 9
233 9
234 9
235 9
236 9
237 9
238 9
239 9
240 9
241 9
242 9
243 9
244 9
245 9
246 9
247 10
248 10
249 10
250 10
251 10
252 10
253 10
254 10
255 10
256 10
257 10
258 10
259 10
260 10
261 10
262 10
263 10
264 10
265 10
266 10
267 10
268 10
269 10
270 10
271 10
272 10
273 10
274 10
275 10
276 10
277 10
278 10
279 10
280 10
281 10
282 10
283 10
284 11
285 11
286 11
287 11
288 11
289 11
290 11
291 11
292 11
293 11
294 11
295 11
296 11
297 11
298 11
299 11
300 11
301 11
302 12
303 12
304 12
305 12
306 12
307 12
308 12
309 12
310 12
311 12
312 12
313 12
314 12
315 12
316 12
317 12
318 12
319 12
320 12
321 12
322 12
323 13
324 13
325 13
326 13
327 13
328 13
329 13
330 13
331 13
332 13
333 13
334 13
335 13
336 13
337 13
338 13
339 13
340 13
341 13
342 13
343 13
344 13
345 14
346 14
347 14
348 14
349 14
350 14
351 14
352 14
353 14
354 14
355 14
356 14
357 14
358 14
359 14
360 15
361 15
362 15
363 15
364 15
365 15
366 15
367 15
368 15
369 15
370 15
371 15
372 15
373 15
374 15
375 15
376 15
377 15
378 15
379 15
380 15
381 15
382 15
383 15
384 15
385 15
386 15
387 15
388 15
389 15
390 15
391 15
392 15
393 15
394 15
395 15
396 15
397 15
398 15
399 15
400 15
401 15
402 15
403 15
404 15
405 15
406 15
407 15
408 15
409 16
410 16
411 16
412 16
413 16
414 16
415 16
416 16
417 16
418 16
419 16
420 16
421 16
422 16
423 17
424 17
425 17
426 17
427 17
428 17
429 17
430 17
431 17
432 17
433 17
434 17
435 17
436 17
437 17
438 17
439 18
440 18
441 18
442 18
443 18
444 19
445 19
446 19
447 19
448 19
449 19
450 19
451 19
452 19
453 19
454 19
455 19
456 19
457 19
458 19
459 19
460 19
461 19
462 19
463 19
464 19
465 19
466 19
467 19
468 19
469 19
470 19
471 19
472 19
473 19
474 19
475 19
476 19
477 19
478 19
479 19
480 19
481 19
482 19
483 19
484 19
485 19
486 19
487 19
488 19
489 20
490 20
491 20
492 20
493 20
494 20
495 20
496 20
497 20
498 20
499 20
500 20
501 20
502 20
503 20
504 20
505 20
506 20
507 20
508 20
509 20
510 20
511 20
512 20
513 20
514 20
515 20
516 20
517 20
518 20
519 20
520 20
521 20
522 20
523 20
524 20
525 21
526 21
527 21
528 21
529 21
530 21
531 21
532 21
533 21
534 21
535 21
536 21
537 21
538 21
539 21
540 21
541 21
542 21
543 21
544 21
545 21
546 21
547 22
548 22
549 22
550 22
551 22
552 22
553 22
554 22
555 22
556 22
557 22
558 22
559 22
560 22
561 22
562 22
563 22
564 23
565 23
566 23
567 23
568 23
569 23
570 23
571 23
572 23
573 23
574 23
575 23
576 23
577 23
578 23
579 23
580 23
581 23
582 23
583 23
584 23
585 23
586 23
587 23
588 23
589 23
590 23
591 23
592 23
593 23
594 23
595 23
596 24
597 24
598 24
599 24
600 24
601 24
602 24
603 24
604 24
605 24
606 24
607 24
608 24
609 24
610 24
611 24
612 24
613 24
614 24
615 24
616 24
617 24
618 24
619 24
620 24
621 24
622 24
623 24
624 24
625 24
626 24
627 24
628 25
629 25
630 25
631 25
632 25
633 25
634 25
635 25
636 25
637 25
638 26
639 26
640 26
641 26
642 26
643 27
644 27
645 27
646 27
647 27
648 27
649 27
650 27
651 27
652 27
653 27
654 28
655 28
656 28
657 28
658 28
659 28
660 28
661 28
662 28
663 28
664 28
665 28
666 28
667 28
668 28
669 28
670 28
671 28
672 28
673 28
674 28
675 29
676 29
677 29
678 29
679 29
680 29
681 29
682 29
683 29
684 29
685 29
686 29
687 29
688 29
689 29
690 29
691 29
692 29
693 29
694 29
695 29
696 29
697 29
698 29
699 29
700 29
701 29
702 29
703 30
704 30
705 30
706 30
707 30
708 30
709 30
710 30
711 30
712 30
713 30
714 30
715 30
716 30
717 30
718 30
719 30
720 30
721 30
722 30
723 30
724 31
725 31
726 31
727 31
728 31
729 31
730 31
731 31
732 31
733 32
734 32
735 32
736 32
737 32
738 32
739 32
740 33
741 33
742 33
743 33
744 33
745 33
746 33
747 33
748 33
749 33
750 33
751 33
752 33
753 33
754 33
755 33
756 34
757 34
758 34
759 34
760 34
761 34
762 34
763 34
764 34
765 34
766 34
767 34
768 34
769 34
770 34
771 34
772 34
773 34
774 35
775 35
776 35
777 35
778 35
779 35
780 35
781 35
782 35
783 35
784 35
785 35
786 35
787 35
788 35
789 36
790 36
791 36
792 36
793 36
794 36
795 36
796 36
797 36
798 36
799 36
800 36
801 36
802 36
803 36
804 36
805 37
806 37
807 37
808 37
809 37
810 37
811 37
812 37
813 37
814 37
815 37
816 37
817 37
818 37
819 37
820 37
821 37
822 37
823 37
824 37
825 37
826 37
827 37
828 37
829 37
830 37
831 37
832 37
833 37
834 37
835 37
836 37
837 37
838 37
839 37
840 37
841 37
842 37
843 37
844 37
845 37
846 37
847 37
848 37
849 37
850 37
851 37
852 37
853 37
854 37
855 37
856 37
857 37
858 37
859 37
860 37
861 37
862 37
863 37
864 37
865 37
866 37
867 37
868 37
869 37
870 37
871 37
872 37
873 37
874 37
875 37
876 37
877 37
878 37
879 37
880 37
881 37
882 37
883 37
884 37
885 37
886 37
887 37
888 37
889 37
890 37
891 37
892 37
893 37
894 37
895 37
896 37
897 37
898 37
899 37
900 37
901 37
902 37
903 37
904 37
905 37
906 37
907 37
908 37
909 37
910 37
911 37
912 37
913 37
914 37
915 37
916 37
917 37
918 37
919 37
920 37
921 37
922 37
923 37
924 37
925 37
926 37
927 37
928 37
929 37
930 37
931 37
932 37
933 37
934 37
935 37
936 37
937 37
938 37
939 37
940 37
941 37
942 37
943 37
944 37
945 37
946 37
947 37
948 37
949 37
950 37
951 37
952 37
953 38
954 38
955 38
956 38
957 38
958 38
959 38
960 38
961 38
962 38
963 38
964 38
965 38
966 38
967 38
968 38
969 38
970 38
971 38
972 38
973 38
974 38
975 38
976 38
977 38
978 38
979 38
980 39
981 39
982 39
983 39
984 39
985 39
986 39
987 39
988 39
989 39
990 39
991 39
992 39
993 39
994 39
995 39
996 39
997 39
998 39
999 39
1000 39
1001 39
1002 39
1003 39
1004 39
1005 39
1006 40
1007 40
1008 40
1009 40
1010 40
1011 40
1012 40
1013 40
1014 40
1015 40
1016 40
1017 40
1018 40
1019 40
1020 40
1021 40
1022 40
1023 40
1024 40
1025 40
1026 40
1027 40
1028 40
1029 40
1030 40
1031 40
1032 40
1033 41
1034 41
1035 41
1036 41
1037 41
1038 41
1039 41
1040 41
1041 41
1042 41
1043 41
1044 41
1045 41
1046 41
1047 41
1048 41
1049 41
1050 41
1051 42
1052 42
1053 42
1054 42
1055 42
1056 42
1057 42
1058 42
1059 42
1060 42
1061 42
1062 42
1063 42
1064 42
1065 42
1066 43
1067 43
1068 43
1069 43
1070 43
1071 43
1072 44
1073 44
1074 44
1075 44
1076 44
1077 44
1078 44
1079 44
1080 44
1081 44
1082 44
1083 44
1084 44
1085 44
1086 44
1087 44
1088 44
1089 44
1090 44
1091 44
1092 44
1093 44
1094 44
1095 44
1096 44
1097 44
1098 44
1099 44
1100 44
1101 44
1102 44
1103 44
1104 44
1105 44
1106 44
1107 44
1108 44
1109 44
1110 44
1111 44
1112 44
1113 44
1114 44
1115 44
1116 45
1117 45
1118 45
1119 45
1120 45
1121 45
1122 45
1123 45
1124 45
1125 45
1126 45
1127 45
1128 45
1129 45
1130 45
1131 45
1132 45
1133 45
1134 45
1135 45
1136 45
1137 45
1138 45
1139 45
1140 45
1141 45
1142 45
1143 45
1144 45
1145 46
1146 46
1147 46
1148 46
1149 46
1150 46
1151 46
1152 46
1153 46
1154 46
1155 46
1156 46
1157 46
1158 46
1159 46
1160 46
1161 46
1162 46
1163 46
1164 46
1165 46
1166 46
1167 46
1168 46
1169 46
1170 46
1171 46
1172 46
1173 46
1174 46
1175 46
1176 46
1177 46
1178 46
1179 46
1180 46
1181 46
1182 46
1183 46
1184 46
1185 46
1186 46
1187 46
1188 46
1189 46
1190 46
1191 46
1192 46
1193 46
1194 46
1195 46
1196 46
1197 46
1198 46
1199 46
1200 46
1201 46
1202 46
1203 46
1204 46
1205 46
1206 46
1207 46
1208 46
1209 46
1210 46
1211 46
1212 46
1213 46
1214 46
1215 46
1216 46
1217 47
1218 47
1219 47
1220 47
1221 47
1222 47
1223 47
1224 47
1225 47
1226 47
1227 47
1228 47
1229 47
1230 47
1231 47
1232 47
1233 47
1234 47
1235 47
1236 47
1237 47
1238 47
1239 47
1240 47
1241 47
1242 47
1243 47
1244 47
1245 47
1246 47
1247 47
1248 47
1249 47
1250 47
1251 47
1252 47
1253 47
1254 47
1255 47
1256 47
1257 47
1258 47
1259 47
1260 47
1261 47
1262 47
1263 47
1264 47
1265 47
1266 47
1267 47
1268 47
1269 47
1270 47
1271 47
1272 47
1273 47
1274 47
1275 47
1276 47
1277 47
1278 47
1279 47
1280 47
1281 47
1282 47
1283 47
1284 47
1285 48
1286 48
1287 48
1288 48
1289 48
1290 48
1291 48
1292 48
1293 48
1294 48
1295 48
1296 48
1297 48
1298 48
1299 48
1300 48
1301 48
1302 48
1303 48
1304 48
1305 49
1306 49
1307 49
1308 49
1309 49
1310 49
1311 49
1312 49
1313 49
1314 49
1315 49
1316 49
1317 49
1318 49
1319 49
1320 49
1321 49
1322 49
1323 49
1324 49
1325 49
1326 49
1327 49
1328 49
1329 49
1330 49
1331 49
1332 49
1333 49
1334 49
1335 49
1336 49
1337 49
1338 49
1339 49
1340 49
1341 49
1342 49
1343 49
1344 49
1345 49
1346 49
1347 49
1348 49
1349 49
1350 49
1351 49
1352 49
1353 49
1354 49
1355 49
1356 49
1357 49
1358 49
1359 49
1360 49
1361 49
1362 49
1363 49
1364 49
1365 49
1366 49
1367 49
1368 49
1369 49
1370 49
1371 49
1372 49
1373 49
1374 49
1375 49
1376 49
1377 49
1378 49
1379 49
1380 49
1381 50
1382 50
1383 50
1384 50
1385 50
1386 50
1387 50
1388 50
1389 50
1390 50
1391 50
1392 50
1393 50
1394 50
1395 50
1396 51
1397 51
1398 51
1399 51
1400 51
1401 51
1402 51
1403 51
1404 51
1405 51
1406 51
1407 51
1408 51
1409 51
1410 51
1411 51
1412 51
1413 21
1414 37
