location subarea
1 1
2 2
3 2
4 2
5 2
6 2
7 2
8 2
9 2
10 2
11 2
12 2
13 2
14 2
15 2
16 3
17 3
18 4
19 4
20 5
21 5
22 6
23 7
24 8
25 9
26 9
27 10
28 10
29 10
30 10
31 10
32 10
33 10
34 10
35 10
36 10
37 10
38 10
39 10
40 10
41 11
42 11
43 11
44 11
45 11
46 11
47 11
48 11
49 5
50 12
51 13
52 13
53 13
54 13
55 13
56 13
57 13
58 13
59 13
60 13
61 1
62 1
63 1
64 1
65 1
66 1
67 14
68 14
69 15
70 15
71 15
72 16
73 16
74 16
75 16
76 16
77 16
78 16
79 16
80 16
81 16
82 17
83 17
84 17
85 18
86 18
87 18
88 18
89 18
90 18
91 19
92 19
93 19
94 19
95 19
96 19
97 19
98 19
99 19
100 19
101 20
102 20
103 20
104 20
105 20
106 20
107 20
108 20
109 21
110 21
111 21
112 21
113 21
114 21
115 22
116 22
117 23
118 23
119 23
120 23
121 23
122 23
123 24
124 24
125 24
126 24
127 24
128 24
129 24
130 24
131 24
132 24
133 24
134 24
135 24
136 24
137 24
138 24
139 24
140 24
141 24
142 24
143 25
144 25
145 25
146 25
147 25
148 25
149 25
150 25
151 25
152 25
153 26
154 27
155 27
156 27
157 27
158 27
159 27
160 27
161 27
162 27
163 27
164 28
165 28
166 28
167 28
168 29
169 29
170 30
171 30
172 30
173 30
174 30
175 30
176 30
177 30
178 30
179 31
180 31
181 32
182 32
183 32
184 32
185 32
186 32
187 32
188 32
189 32
190 33
191 33
192 33
193 33
194 33
195 34
196 34
197 34
198 35
199 35
200 35
201 36
202 36
203 36
204 36
205 36
206 37
207 37
208 37
209 38
210 38
211 38
212 39
213 40
214 40
215 40
216 41
217 41
218 41
219 41
220 41
221 41
222 41
223 41
224 41
225 41
226 41
227 41
228 41
229 41
230 41
231 41
232 41
233 41
234 41
235 41
236 41
237 41
238 42
239 42
240 42
241 42
242 42
243 42
244 42
245 42
246 42
247 43
248 43
249 44
250 45
251 45
252 45
253 45
254 45
255 46
256 46
257 47
258 48
259 48
260 48
261 48
262 48
263 48
264 48
265 48
266 48
267 49
268 49
269 49
270 49
271 49
272 49
273 49
274 49
275 49
276 49
277 50
278 50
279 51
280 51
281 52
282 52
283 52
284 43
285 43
286 43
287 43
288 43
289 43
290 43
291 47
292 53
293 53
294 53
295 53
296 53
297 53
298 53
299 53
300 53
301 53
302 54
303 54
304 54
305 54
306 54
307 54
308 54
309 54
310 55
311 55
312 55
313 56
314 56
315 56
316 56
317 56
318 57
319 57
320 57
321 57
322 58
323 21
324 21
325 21
326 59
327 59
328 59
329 59
330 59
331 59
332 59
333 59
334 59
335 59
336 59
337 42
338 60
339 60
340 60
341 60
342 60
343 60
344 60
345 61
346 61
347 61
348 61
349 61
350 61
351 61
352 61
353 61
354 61
355 61
356 61
357 61
358 61
359 57
360 62
361 62
362 62
363 62
364 62
365 62
366 62
367 62
368 63
369 63
370 63
371 63
372 63
373 63
374 63
375 63
376 63
377 64
378 64
379 64
380 64
381 65
382 65
383 65
384 65
385 65
386 65
387 65
388 65
389 65
390 65
391 65
392 65
393 65
394 65
395 65
396 65
397 65
398 65
399 65
400 65
401 65
402 65
403 65
404 65
405 65
406 65
407 65
408 65
409 66
410 66
411 66
412 66
413 66
414 66
415 66
416 67
417 67
418 67
419 67
420 67
421 67
422 68
423 69
424 69
425 69
426 69
427 69
428 69
429 69
430 69
431 69
432 69
433 69
434 69
435 70
436 70
437 70
438 70
439 71
440 71
441 71
442 71
443 71
444 72
445 72
446 72
447 73
448 73
449 73
450 73
451 73
452 73
453 73
454 73
455 73
456 73
457 73
458 74
459 74
460 74
461 74
462 74
463 74
464 74
465 74
466 75
467 75
468 75
469 75
470 75
471 75
472 75
473 75
474 75
475 75
476 76
477 76
478 76
479 76
480 76
481 76
482 76
483 76
484 76
485 76
486 76
487 76
488 76
489 13
490 77
491 77
492 77
493 77
494 77
495 77
496 77
497 77
498 77
499 1
500 1
501 1
502 1
503 74
504 78
505 78
506 78
507 78
508 78
509 78
510 78
511 78
512 78
513 79
514 79
515 79
516 79
517 79
518 79
519 80
520 80
521 80
522 14
523 15
524 81
525 82
526 82
527 82
528 82
529 82
530 82
531 82
532 82
533 82
534 82
535 82
536 82
537 82
538 83
539 83
540 83
541 83
542 83
543 83
544 83
545 83
546 83
547 84
548 84
549 84
550 84
551 84
552 84
553 84
554 85
555 85
556 79
557 80
558 80
559 80
560 80
561 80
562 80
563 80
564 86
565 86
566 86
567 86
568 86
569 86
570 86
571 86
572 86
573 86
574 86
575 86
576 86
577 86
578 86
579 86
580 86
581 87
582 87
583 87
584 87
585 87
586 87
587 88
588 88
589 88
590 88
591 88
592 88
593 88
594 89
595 89
596 90
597 90
598 90
599 90
600 90
601 90
602 91
603 91
604 91
605 91
606 91
607 91
608 92
609 92
610 93
611 93
612 93
613 93
614 94
615 94
616 94
617 94
618 94
619 94
620 94
621 94
622 94
623 95
624 95
625 95
626 95
627 96
628 97
629 97
630 97
631 98
632 98
633 98
634 98
635 98
636 99
637 100
638 101
639 98
640 99
641 99
642 100
643 102
644 101
645 92
646 103
647 104
648 104
649 95
650 105
651 106
652 106
653 106
654 87
655 107
656 107
657 107
658 107
659 107
660 107
661 107
662 103
663 103
664 103
665 103
666 103
667 103
668 103
669 103
670 88
671 88
672 88
673 104
674 104
675 108
676 108
677 108
678 108
679 108
680 108
681 108
682 108
683 108
684 108
685 108
686 108
687 108
688 108
689 43
690 43
691 43
692 43
693 44
694 89
695 89
696 89
697 89
698 89
699 89
700 89
701 89
702 89
703 107
704 107
705 107
706 107
707 109
708 109
709 109
710 109
711 109
712 109
713 109
714 109
715 109
716 109
717 109
718 109
719 109
720 109
721 109
722 109
723 109
724 101
725 101
726 101
727 92
728 92
729 92
730 95
731 95
732 95
733 104
734 104
735 104
736 104
737 104
738 104
739 104
740 94
741 94
742 94
743 94
744 94
745 110
746 110
747 110
748 110
749 110
750 110
751 110
752 110
753 110
754 110
755 110
756 90
757 93
758 93
759 93
760 93
761 111
762 111
763 111
764 111
765 111
766 111
767 111
768 111
769 111
770 111
771 111
772 111
773 111
774 112
775 112
776 112
777 112
778 112
779 112
780 112
781 85
782 85
783 85
784 85
785 113
786 113
787 113
788 113
789 3
790 3
791 3
792 3
793 3
794 3
795 81
796 81
797 81
798 81
799 81
800 81
801 114
802 114
803 114
804 114
805 115
806 115
807 115
808 115
809 116
810 116
811 116
812 117
813 118
814 118
815 118
816 118
817 118
818 119
819 119
820 119
821 120
822 120
823 120
824 120
825 120
826 120
827 120
828 121
829 121
830 121
831 121
832 121
833 122
834 123
835 123
836 123
837 123
838 123
839 123
840 123
841 123
842 123
843 123
844 109
845 76
846 67
847 67
848 67
849 124
850 124
851 124
852 124
853 124
854 124
855 124
856 124
857 124
858 124
859 125
860 125
861 125
862 126
863 126
864 126
865 126
866 126
867 126
868 126
869 126
870 126
871 126
872 127
873 127
874 127
875 127
876 127
877 128
878 128
879 128
880 128
881 128
882 128
883 128
884 128
885 128
886 128
887 129
888 129
889 129
890 129
891 130
892 130
893 131
894 131
895 131
896 131
897 131
898 131
899 131
900 131
901 132
902 132
903 132
904 132
905 133
906 133
907 133
908 133
909 133
910 133
911 133
912 133
913 133
914 133
915 133
916 134
917 134
918 134
919 135
920 135
921 136
922 136
923 136
924 136
925 136
926 137
927 137
928 137
929 138
930 138
931 138
932 138
933 138
934 139
935 139
936 140
937 140
938 140
939 140
940 140
941 140
942 140
943 140
944 141
945 141
946 141
947 141
948 141
949 141
950 141
951 141
952 141
953 142
954 142
955 142
956 142
957 142
958 142
959 142
960 142
961 142
962 142
963 142
964 142
965 143
966 143
967 143
968 143
969 143
970 143
971 143
972 143
973 143
974 143
975 143
976 143
977 143
978 143
979 143
980 144
981 145
982 145
983 145
984 145
985 145
986 146
987 147
988 147
989 147
990 147
991 147
992 36
993 148
994 148
995 148
996 148
997 148
998 148
999 148
1000 148
1001 148
1002 149
1003 149
1004 149
1005 150
1006 151
1007 152
1008 152
1009 152
1010 152
1011 152
1012 152
1013 152
1014 152
1015 152
1016 152
1017 152
1018 153
1019 153
1020 153
1021 153
1022 153
1023 153
1024 153
1025 153
1026 153
1027 153
1028 154
1029 155
1030 155
1031 155
1032 156
1033 70
1034 113
1035 113
1036 157
1037 158
1038 158
1039 159
1040 159
1041 160
1042 160
1043 161
1044 161
1045 161
1046 161
1047 162
1048 163
1049 163
1050 163
1051 164
1052 164
1053 164
1054 164
1055 164
1056 164
1057 164
1058 165
1059 165
1060 165
1061 165
1062 165
1063 165
1064 165
1065 165
1066 97
1067 97
1068 97
1069 97
1070 97
1071 97
1072 166
1073 166
1074 166
1075 166
1076 166
1077 166
1078 166
1079 166
1080 166
1081 166
1082 166
1083 166
1084 166
1085 166
1086 166
1087 166
1088 167
1089 167
1090 167
1091 167
1092 167
1093 167
1094 167
1095 167
1096 167
1097 167
1098 167
1099 29
1100 29
1101 29
1102 29
1103 29
1104 29
1105 29
1106 29
1107 10
1108 10
1109 35
1110 35
1111 35
1112 35
1113 35
1114 35
1115 35
1116 72
1117 72
1118 72
1119 72
1120 72
1121 72
1122 72
1123 72
1124 72
1125 72
1126 72
1127 46
1128 46
1129 46
1130 46
1131 46
1132 46
1133 46
1134 46
1135 46
1136 46
1137 46
1138 46
1139 46
1140 15
1141 15
1142 15
1143 15
1144 15
1145 168
1146 168
1147 168
1148 168
1149 168
1150 168
1151 168
1152 169
1153 169
1154 169
1155 169
1156 169
1157 169
1158 169
1159 169
1160 169
1161 169
1162 45
1163 45
1164 45
1165 170
1166 170
1167 170
1168 170
1169 170
1170 170
1171 170
1172 170
1173 170
1174 170
1175 170
1176 171
1177 171
1178 171
1179 171
1180 171
1181 47
1182 47
1183 48
1184 53
1185 172
1186 172
1187 172
1188 172
1189 172
1190 172
1191 172
1192 172
1193 172
1194 172
1195 172
1196 172
1197 173
1198 173
1199 173
1200 174
1201 174
1202 174
1203 174
1204 174
1205 174
1206 174
1207 174
1208 174
1209 174
1210 174
1211 175
1212 175
1213 175
1214 175
1215 175
1216 175
1217 176
1218 176
1219 176
1220 176
1221 176
1222 176
1223 176
1224 176
1225 176
1226 177
1227 177
1228 177
1229 177
1230 177
1231 177
1232 177
1233 177
1234 177
1235 177
1236 177
1237 177
1238 8
1239 8
1240 8
1241 8
1242 8
1243 8
1244 8
1245 8
1246 8
1247 8
1248 8
1249 8
1250 8
1251 178
1252 178
1253 178
1254 178
1255 178
1256 178
1257 178
1258 178
1259 178
1260 178
1261 178
1262 178
1263 178
1264 178
1265 179
1266 179
1267 179
1268 179
1269 179
1270 179
1271 179
1272 179
1273 179
1274 170
1275 171
1276 171
1277 171
1278 180
1279 180
1280 180
1281 180
1282 180
1283 180
1284 180
1285 181
1286 181
1287 181
1288 17
1289 17
1290 182
1291 182
1292 183
1293 183
1294 183
1295 183
1296 183
1297 183
1298 183
1299 183
1300 183
1301 184
1302 184
1303 184
1304 184
1305 185
1306 185
1307 185
1308 185
1309 185
1310 185
1311 185
1312 185
1313 186
1314 186
1315 186
1316 186
1317 186
1318 186
1319 186
1320 186
1321 187
1322 187
1323 187
1324 187
1325 187
1326 187
1327 187
1328 182
1329 182
1330 182
1331 182
1332 182
1333 182
1334 182
1335 182
1336 182
1337 182
1338 182
1339 182
1340 188
1341 188
1342 188
1343 188
1344 188
1345 188
1346 188
1347 188
1348 188
1349 188
1350 188
1351 189
1352 189
1353 189
1354 189
1355 189
1356 189
1357 189
1358 189
1359 189
1360 189
1361 189
1362 189
1363 189
1364 189
1365 190
1366 190
1367 190
1368 190
1369 190
1370 190
1371 190
1372 190
1373 22
1374 22
1375 22
1376 22
1377 22
1378 22
1379 22
1380 22
1381 191
1382 191
1383 191
1384 191
1385 191
1386 191
1387 191
1388 191
1389 191
1390 173
1391 173
1392 173
1393 173
1394 173
1395 173
1396 62
1397 62
1398 62
1399 120
1400 120
1401 67
1402 68
1403 68
1404 68
1405 68
1406 68
1407 68
1408 68
1409 68
1410 64
1411 64
1412 64
1413 82
1414 192
