id identif
1 458
2 336
3 339
4 419
5 420
6 459
7 338
8 385
9 380
10 381
11 383
12 337
13 384
14 1416
15 1415
16 296
17 297
18 300
19 1413
20 388
21 341
22 1419
23 342
24 591
25 387
26 340
27 638
28 502
29 503
30 637
31 504
32 505
33 548
34 593
35 594
36 592
37 547
38 1469
39 1468
40 1476
41 422
42 461
43 460
44 421
45 386
46 1422
47 1421
48 1423
49 1420
50 423
51 494
52 496
53 328
54 371
55 450
56 417
57 451
58 452
59 372
60 1479
61 501
62 499
63 500
64 454
65 498
66 1477
67 330
68 290
69 415
70 370
71 416
72 1063
73 1298
74 1084
75 1106
76 1082
77 1083
78 1297
79 1091
80 1105
81 1121
82 1092
83 1087
84 1093
85 1124
86 1146
87 1148
88 1162
89 1123
90 1144
91 1065
92 1045
93 1044
94 1066
95 1296
96 1086
97 1107
98 1108
99 1064
100 1085
101 1111
102 1094
103 1095
104 1279
105 1110
106 1280
107 1070
108 1278
109 1029
110 1282
111 1281
112 1051
113 1072
114 1071
115 1049
116 1050
117 1152
118 1153
119 1154
120 1171
121 1167
122 1169
123 1150
124 1266
125 1151
126 1128
127 1129
128 1267
129 1272
130 1127
131 1265
132 1269
133 1273
134 1165
135 1270
136 1166
137 1185
138 1149
139 1164
140 1271
141 1126
142 1274
143 1264
144 1263
145 1262
146 1198
147 1163
148 1183
149 1201
150 1202
151 1184
152 1200
153 1427
154 600
155 644
156 555
157 1442
158 1443
159 1456
160 1448
161 1449
162 1447
163 1440
164 780
165 826
166 781
167 827
168 599
169 1457
170 943
171 944
172 945
173 991
174 1015
175 941
176 942
177 970
178 971
179 870
180 825
181 777
182 865
183 778
184 823
185 868
186 867
187 824
188 909
189 1470
190 690
191 691
192 737
193 738
194 739
195 466
196 510
197 509
198 736
199 689
200 734
201 513
202 1429
203 1430
204 1432
205 1431
206 512
207 1435
208 1441
209 554
210 1444
211 1446
212 1426
213 467
214 468
215 511
216 1058
217 1078
218 1079
219 1288
220 1103
221 1141
222 1035
223 1057
224 1036
225 1013
226 1037
227 1287
228 1038
229 1059
230 1060
231 1061
232 1080
233 987
234 988
235 989
236 1011
237 1012
238 1008
239 1010
240 1034
241 1052
242 1032
243 1033
244 1054
245 1055
246 1053
247 578
248 622
249 577
250 670
251 715
252 624
253 623
254 669
255 410
256 445
257 1512
258 490
259 491
260 448
261 492
262 537
263 536
264 582
265 449
266 1480
267 533
268 534
269 535
270 579
271 580
272 581
273 446
274 488
275 489
276 1489
277 1490
278 1488
279 530
280 486
281 487
282 531
283 532
284 621
285 665
286 666
287 712
288 1516
289 1513
290 1514
291 667
292 709
293 710
294 760
295 758
296 759
297 756
298 804
299 711
300 757
301 1515
302 1244
303 1239
304 1240
305 1254
306 1255
307 1256
308 1257
309 1260
310 1251
311 1246
312 1248
313 1237
314 1238
315 1242
316 1243
317 1253
318 1221
319 1236
320 1234
321 1233
322 1235
323 1096
324 1112
325 1097
326 1115
327 1116
328 1117
329 1101
330 1277
331 1132
332 1134
333 1075
334 1099
335 1076
336 1100
337 1283
338 1113
339 1130
340 1098
341 1073
342 1114
343 1276
344 1275
345 1189
346 1209
347 1218
348 1173
349 1187
350 1188
351 1208
352 1174
353 1176
354 1228
355 1231
356 1207
357 1217
358 1261
359 1219
360 227
361 266
362 267
363 306
364 307
365 308
366 348
367 349
368 144
369 145
370 178
371 179
372 184
373 219
374 220
375 221
376 223
377 427
378 469
379 514
380 1367
381 83
382 111
383 113
384 146
385 147
386 185
387 186
388 187
389 188
390 224
391 225
392 226
393 261
394 262
395 263
396 264
397 265
398 301
399 302
400 303
401 304
402 305
403 343
404 344
405 345
406 346
407 347
408 391
409 560
410 516
411 517
412 515
413 561
414 562
415 1375
416 518
417 432
418 473
419 474
420 1373
421 1374
422 1368
423 26
424 24
425 25
426 43
427 44
428 7
429 45
430 46
431 65
432 66
433 67
434 1395
435 9
436 27
437 8
438 1400
439 30
440 29
441 1406
442 1407
443 1405
444 204
445 245
446 246
447 132
448 165
449 166
450 133
451 134
452 131
453 130
454 163
455 164
456 167
457 1485
458 207
459 208
460 205
461 206
462 247
463 248
464 249
465 1486
466 97
467 98
468 47
469 68
470 70
471 101
472 100
473 69
474 99
475 1408
476 127
477 242
478 243
479 95
480 96
481 162
482 201
483 200
484 241
485 128
486 129
487 202
488 203
489 329
490 294
491 333
492 379
493 295
494 334
495 335
496 375
497 377
498 1474
499 456
500 455
501 457
502 1475
503 250
504 254
505 331
506 332
507 373
508 374
509 292
510 293
511 291
512 253
513 212
514 213
515 211
516 210
517 251
518 252
519 171
520 172
521 173
522 289
523 288
524 255
525 140
526 76
527 77
528 56
529 75
530 107
531 108
532 139
533 109
534 110
535 141
536 142
537 174
538 57
539 37
540 36
541 55
542 38
543 58
544 79
545 1410
546 1411
547 135
548 104
549 105
550 73
551 102
552 103
553 168
554 72
555 71
556 209
557 106
558 138
559 170
560 136
561 137
562 169
563 1409
564 570
565 572
566 527
567 528
568 661
569 616
570 571
571 613
572 614
573 659
574 573
575 617
576 615
577 660
578 1499
579 1500
580 1498
581 526
582 478
583 479
584 525
585 1511
586 1501
587 658
588 657
589 524
590 568
591 612
592 569
593 1520
594 523
595 529
596 836
597 792
598 837
599 1346
600 1347
601 1345
602 745
603 793
604 744
605 791
606 1352
607 1349
608 700
609 747
610 838
611 884
612 1348
613 1334
614 795
615 796
616 839
617 840
618 841
619 794
620 1350
621 1353
622 1351
623 655
624 656
625 1356
626 1355
627 746
628 1343
629 879
630 918
631 834
632 878
633 835
634 1342
635 1344
636 832
637 833
638 743
639 790
640 787
641 788
642 789
643 1361
644 1360
645 652
646 563
647 1364
648 1363
649 1357
650 1362
651 605
652 606
653 649
654 522
655 437
656 438
657 480
658 435
659 436
660 1510
661 1502
662 519
663 520
664 475
665 476
666 477
667 521
668 1518
669 1521
670 567
671 611
672 1519
673 566
674 1366
675 708
676 803
677 755
678 802
679 664
680 753
681 754
682 800
683 801
684 662
685 707
686 1517
687 1329
688 1331
689 620
690 1493
691 1492
692 1491
693 576
694 619
695 574
696 575
697 618
698 663
699 1495
700 1497
701 1496
702 1494
703 439
704 481
705 404
706 1509
707 482
708 406
709 441
710 484
711 485
712 440
713 443
714 444
715 442
716 407
717 408
718 483
719 1505
720 1506
721 1503
722 1507
723 1504
724 696
725 650
726 651
727 697
728 698
729 1358
730 653
731 654
732 699
733 610
734 564
735 608
736 607
737 565
738 609
739 1365
740 702
741 701
742 748
743 749
744 1354
745 706
746 704
747 705
748 752
749 797
750 798
751 799
752 703
753 750
754 751
755 1332
756 1341
757 842
758 883
759 885
760 1333
761 922
762 881
763 1339
764 880
765 882
766 1335
767 1340
768 920
769 1337
770 1336
771 919
772 921
773 1338
774 17
775 34
776 35
777 52
778 53
779 74
780 1412
781 48
782 49
783 50
784 51
785 15
786 16
787 32
788 33
789 298
790 299
791 176
792 216
793 257
794 258
795 143
796 175
797 214
798 215
799 256
800 1414
801 217
802 218
803 259
804 260
805 279
806 278
807 237
808 317
809 274
810 275
811 1387
812 1399
813 191
814 232
815 230
816 231
817 192
818 21
819 22
820 1396
821 400
822 351
823 397
824 398
825 1381
826 1380
827 1379
828 156
829 157
830 196
831 121
832 1394
833 1382
834 401
835 313
836 355
837 356
838 357
839 402
840 403
841 314
842 315
843 1508
844 405
845 126
846 399
847 433
848 434
849 319
850 320
851 361
852 362
853 360
854 318
855 359
856 358
857 363
858 409
859 84
860 114
861 148
862 94
863 125
864 159
865 124
866 158
867 93
868 1390
869 1392
870 1391
871 1393
872 310
873 309
874 311
875 352
876 353
877 197
878 198
879 160
880 161
881 199
882 238
883 240
884 239
885 1388
886 1389
887 91
888 92
889 123
890 122
891 1386
892 1385
893 116
894 117
895 87
896 88
897 118
898 86
899 1384
900 1383
901 149
902 189
903 151
904 152
905 271
906 272
907 273
908 354
909 312
910 270
911 233
912 234
913 1378
914 1377
915 1376
916 155
917 119
918 120
919 153
920 154
921 64
922 63
923 23
924 1397
925 1398
926 41
927 61
928 62
929 190
930 228
931 229
932 268
933 269
934 85
935 115
936 193
937 194
938 195
939 235
940 236
941 276
942 277
943 316
944 18
945 19
946 20
947 39
948 40
949 59
950 60
951 89
952 90
953 1194
954 1197
955 1215
956 1223
957 1213
958 1191
959 1211
960 1180
961 1192
962 1193
963 1182
964 1181
965 1159
966 1160
967 1268
968 1135
969 1156
970 1177
971 1118
972 1119
973 1136
974 1137
975 1178
976 1157
977 1158
978 1179
979 1286
980 1434
981 694
982 741
983 785
984 782
985 783
986 604
987 740
988 647
989 648
990 693
991 1452
992 1433
993 831
994 875
995 876
996 830
997 873
998 874
999 912
1000 913
1001 914
1002 1454
1003 1455
1004 1453
1005 559
1006 1417
1007 424
1008 462
1009 463
1010 506
1011 508
1012 425
1013 464
1014 389
1015 1487
1016 1424
1017 1425
1018 553
1019 507
1020 597
1021 552
1022 598
1023 549
1024 550
1025 551
1026 596
1027 1445
1028 1418
1029 465
1030 426
1031 1428
1032 390
1033 1401
1034 5
1035 13
1036 1403
1037 0
1038 2
1039 28
1040 12
1041 4
1042 1404
1043 1
1044 6
1045 14
1046 31
1047 1402
1048 3
1049 10
1050 11
1051 645
1052 601
1053 556
1054 1439
1055 1450
1056 1438
1057 1436
1058 558
1059 603
1060 557
1061 602
1062 646
1063 692
1064 1437
1065 1451
1066 877
1067 916
1068 917
1069 947
1070 1359
1071 946
1072 821
1073 864
1074 820
1075 862
1076 819
1077 860
1078 861
1079 772
1080 773
1081 863
1082 903
1083 904
1084 906
1085 905
1086 939
1087 968
1088 685
1089 686
1090 730
1091 774
1092 731
1093 775
1094 732
1095 1472
1096 1465
1097 1463
1098 1473
1099 640
1100 641
1101 643
1102 642
1103 1458
1104 1460
1105 1462
1106 1461
1107 595
1108 639
1109 733
1110 688
1111 776
1112 687
1113 1464
1114 1471
1115 1459
1116 285
1117 286
1118 287
1119 324
1120 325
1121 244
1122 284
1123 283
1124 323
1125 1483
1126 1484
1127 365
1128 366
1129 367
1130 413
1131 282
1132 280
1133 281
1134 321
1135 322
1136 364
1137 411
1138 412
1139 447
1140 327
1141 368
1142 369
1143 414
1144 326
1145 852
1146 853
1147 721
1148 894
1149 895
1150 931
1151 932
1152 854
1153 1319
1154 933
1155 934
1156 1318
1157 896
1158 897
1159 898
1160 935
1161 961
1162 668
1163 713
1164 714
1165 672
1166 628
1167 629
1168 673
1169 720
1170 626
1171 718
1172 625
1173 671
1174 716
1175 1325
1176 538
1177 539
1178 583
1179 584
1180 627
1181 1327
1182 1326
1183 493
1184 805
1185 985
1186 957
1187 958
1188 984
1189 1031
1190 1289
1191 1005
1192 1030
1193 1006
1194 1007
1195 959
1196 960
1197 762
1198 807
1199 1320
1200 808
1201 809
1202 717
1203 763
1204 849
1205 850
1206 893
1207 930
1208 1324
1209 1323
1210 1317
1211 719
1212 764
1213 810
1214 811
1215 812
1216 851
1217 681
1218 769
1219 727
1220 726
1221 770
1222 728
1223 635
1224 634
1225 680
1226 723
1227 765
1228 586
1229 674
1230 722
1231 675
1232 676
1233 630
1234 631
1235 813
1236 1482
1237 1481
1238 543
1239 544
1240 587
1241 588
1242 632
1243 589
1244 545
1245 546
1246 541
1247 542
1248 633
1249 590
1250 1478
1251 858
1252 768
1253 816
1254 817
1255 857
1256 814
1257 815
1258 855
1259 856
1260 964
1261 966
1262 902
1263 937
1264 900
1265 818
1266 636
1267 682
1268 683
1269 684
1270 729
1271 771
1272 1467
1273 1466
1274 585
1275 495
1276 497
1277 540
1278 725
1279 677
1280 724
1281 679
1282 766
1283 767
1284 678
1285 1024
1286 1046
1287 1025
1288 1292
1289 1293
1290 1001
1291 1026
1292 1047
1293 1284
1294 1294
1295 1069
1296 1285
1297 1068
1298 1295
1299 1067
1300 1048
1301 1088
1302 1089
1303 1109
1304 1125
1305 1000
1306 1306
1307 1309
1308 976
1309 999
1310 1314
1311 952
1312 977
1313 974
1314 1303
1315 973
1316 1307
1317 1308
1318 948
1319 949
1320 975
1321 886
1322 925
1323 1311
1324 1310
1325 950
1326 924
1327 923
1328 1315
1329 1313
1330 978
1331 980
1332 927
1333 1003
1334 979
1335 1002
1336 954
1337 1312
1338 955
1339 953
1340 1040
1341 993
1342 1017
1343 996
1344 1302
1345 1018
1346 1301
1347 994
1348 1522
1349 972
1350 995
1351 1019
1352 1041
1353 998
1354 1022
1355 1023
1356 1021
1357 997
1358 1299
1359 1305
1360 1020
1361 1300
1362 1304
1363 1042
1364 1043
1365 1316
1366 891
1367 892
1368 926
1369 951
1370 928
1371 929
1372 890
1373 1027
1374 956
1375 981
1376 982
1377 983
1378 1290
1379 1291
1380 1028
1381 844
1382 845
1383 843
1384 846
1385 887
1386 888
1387 1330
1388 889
1389 1328
1390 761
1391 806
1392 847
1393 848
1394 1322
1395 1321
1396 392
1397 393
1398 350
1399 396
1400 1372
1401 431
1402 394
1403 395
1404 429
1405 430
1406 471
1407 472
1408 1370
1409 1371
1410 428
1411 470
1412 1369
1413 78
1414 150
