location
443
1413
947
872
935
919
214
1048
1203
404
940
449
663
283
950
952
213
410
887
874
851
652
650
1035
405
627
22
603
23
46
50
928
21
865
970
951
602
877
792
732
1044
844
1302
509
1303
801
564
929
853
1414
1301
1288
1031
1029
643
920
726
933
833
206
628
635
207
855
937
651
1002
986
455
629
927
667
527
215
918
976
638
639
949
898
278
544
737
281
738
800
909
1047
1038
20
807
47
1411
402
406
1198
510
490
547
1007
1392
794
314
313
212
977
636
512
486
1049
545
424
438
798
1065
156
320
1118
840
1068
257
1214
519
819
107
340
196
326
358
1040
893
106
644
579
868
668
48
885
870
892
1005
1003
878
812
606
843
913
289
717
867
41
277
1042
979
634
938
647
980
1289
669
205
363
648
817
403
607
925
1197
736
891
1016
706
83
457
351
538
422
291
637
378
991
357
104
811
922
1202
1041
916
49
714
630
626
830
1017
897
157
646
280
631
108
413
866
939
900
1028
1297
343
153
248
664
201
856
863
448
931
903
597
253
208
728
910
674
839
411
642
869
917
572
649
454
428
1117
325
705
377
604
992
864
653
612
656
835
724
399
511
1412
632
412
660
808
881
645
782
828
456
18
135
670
608
518
1034
673
487
619
408
407
600
400
882
662
203
875
45
941
1391
934
415
447
734
282
1406
871
1140
528
570
721
1393
133
1014
334
1030
873
504
592
247
158
204
1055
862
344
559
654
439
672
1394
440
622
1061
815
1199
584
1050
894
494
942
895
905
401
397
1213
906
161
437
1208
640
414
1057
491
610
858
111
876
908
105
476
202
1043
315
886
1032
523
712
543
846
1209
810
290
1295
799
735
598
416
1045
463
341
441
581
791
932
25
1372
731
576
802
450
729
274
552
425
852
483
837
1395
364
901
1046
553
419
727
793
421
911
163
744
485
904
818
838
605
924
141
789
655
1067
452
365
210
625
641
945
708
409
609
571
195
1410
1012
915
620
1066
1009
1033
849
829
1162
1069
548
847
822
623
534
813
599
1215
593
420
103
1037
912
442
558
825
716
350
1211
520
832
1396
551
1145
820
560
1390
711
764
1182
827
256
730
526
303
323
936
461
722
84
482
506
1004
361
115
475
589
162
1293
332
841
513
366
96
1093
1094
1064
1091
1095
557
1096
556
1097
1063
1098
1099
563
666
555
1092
676
561
675
1070
1071
1072
1073
1074
1075
1076
1077
1078
1100
1080
1081
1082
1083
1084
1085
1086
1087
1088
562
671
1089
1090
1079
1126
1127
1128
1129
1130
1131
1132
1133
1134
1135
1136
1062
1138
1139
679
1150
1141
1142
1143
1144
1146
1147
1148
1149
1137
1101
1102
1103
1104
1105
1106
1107
1108
1109
1110
1111
1112
1125
1113
1114
1115
1116
677
678
1119
1120
1121
1122
1123
1124
930
982
983
984
985
585
987
988
989
990
586
587
993
1052
995
996
954
997
953
998
999
1000
1001
588
590
1006
591
994
955
956
957
958
959
960
961
962
963
964
965
966
981
968
969
577
971
972
973
974
975
578
580
978
582
583
967
613
614
1036
567
615
1039
616
617
618
566
621
565
1008
633
657
658
659
1051
1053
1054
661
1056
665
1058
1059
1060
624
575
1010
574
1011
573
1013
948
569
1015
946
594
595
1018
943
1020
1021
1022
1023
1024
1025
1026
1027
596
568
601
944
611
1019
1316
1317
1318
1319
1320
1321
1322
1323
1324
1325
1326
1327
1328
1329
1330
1159
1332
1333
1334
1335
1336
1337
1338
1339
1340
1341
1342
1343
1344
1345
1346
1331
1283
1284
1285
1286
1287
689
690
1290
1291
1292
1294
691
1296
692
1298
1315
1300
693
694
695
1304
1305
1306
1307
1308
1309
1310
1311
1312
1313
1314
1299
1380
1381
1382
1383
1384
1385
1386
1387
1388
1389
697
698
699
700
701
1347
1398
1399
1400
1401
1402
1403
1404
1405
702
1407
1408
1409
703
704
707
1397
1348
1349
1350
1351
1352
1353
1354
1355
1356
1357
1358
1359
1360
1361
1362
1379
1364
1365
1366
1367
1368
1369
1370
1371
696
1373
1374
1375
1376
1377
1378
